#2DRB_1 predict by model_pcc_1_19=0.508.pt

1		G		256.06		0.640
2		G		153.72		0.384
3		C		166.25		0.475
4		C		167.59		0.479
5		C		172.84		0.494
6		G		165.34		0.413
7		G		161.60		0.404
8		G		155.74		0.389
9		G		149.55		0.374
10		C		168.37		0.481
11		G		155.80		0.390
12		G		156.46		0.391
13		U		181.01		0.517
14		U		238.11		0.680
15		C		184.72		0.528
16		G		164.91		0.412
17		A		174.38		0.436
18		U		219.30		0.627
19		U		237.33		0.678
20		C		178.98		0.511
21		C		166.94		0.477
22		G		152.96		0.382
23		C		166.27		0.475
24		C		164.65		0.470
25		C		162.97		0.466
26		U		151.04		0.432
27		G		162.29		0.406
28		G		156.75		0.392
29		G		154.95		0.387
30		C		167.88		0.480
31		C		174.33		0.498
32		A		183.00		0.458
33		C		188.55		0.539
34		C		186.46		0.533
35		A		352.04		0.880
