#2DRB_1 predict by model_pcc_0_10=0.513.pt

1		G		259.95		0.650
2		G		157.25		0.393
3		C		172.44		0.493
4		C		175.21		0.501
5		C		189.70		0.542
6		G		169.63		0.424
7		G		163.72		0.409
8		G		157.05		0.393
9		G		154.88		0.387
10		C		175.41		0.501
11		G		155.96		0.390
12		G		153.54		0.384
13		U		181.83		0.520
14		U		196.37		0.561
15		C		193.62		0.553
16		G		163.35		0.408
17		A		175.99		0.440
18		U		200.61		0.573
19		U		212.83		0.608
20		C		184.34		0.527
21		C		177.47		0.507
22		G		157.38		0.393
23		C		172.43		0.493
24		C		171.72		0.491
25		C		174.30		0.498
26		U		172.01		0.491
27		G		165.49		0.414
28		G		159.60		0.399
29		G		160.52		0.401
30		C		175.01		0.500
31		C		190.81		0.545
32		A		176.74		0.442
33		C		202.17		0.578
34		C		223.94		0.640
35		A		246.12		0.615
