#2DRB_1 predict by model_pcc_2_21=0.503.pt

1		G		234.03		0.585
2		G		170.01		0.425
3		C		180.25		0.515
4		C		183.25		0.524
5		C		184.91		0.528
6		G		191.49		0.479
7		G		184.08		0.460
8		G		170.74		0.427
9		G		167.93		0.420
10		C		186.01		0.531
11		G		168.33		0.421
12		G		165.05		0.413
13		U		194.66		0.556
14		U		210.51		0.601
15		C		196.87		0.562
16		G		180.71		0.452
17		A		188.03		0.470
18		U		202.69		0.579
19		U		217.04		0.620
20		C		188.48		0.539
21		C		182.06		0.520
22		G		171.59		0.429
23		C		182.89		0.523
24		C		180.50		0.516
25		C		182.14		0.520
26		U		180.50		0.516
27		G		187.58		0.469
28		G		176.44		0.441
29		G		177.16		0.443
30		C		184.44		0.527
31		C		188.62		0.539
32		A		191.15		0.478
33		C		196.86		0.562
34		C		196.87		0.562
35		A		321.70		0.804
