#2DRB_1 predict by model_pcc_1_19=0.508.pt

1		G		250.02		0.625
2		G		160.32		0.401
3		C		172.98		0.494
4		C		175.35		0.501
5		C		182.48		0.521
6		G		175.49		0.439
7		G		169.80		0.425
8		G		161.18		0.403
9		G		157.45		0.394
10		C		176.60		0.505
11		G		160.03		0.400
12		G		158.35		0.396
13		U		185.83		0.531
14		U		215.00		0.614
15		C		191.74		0.548
16		G		169.66		0.424
17		A		179.47		0.449
18		U		207.54		0.593
19		U		222.40		0.635
20		C		183.93		0.526
21		C		175.49		0.501
22		G		160.64		0.402
23		C		173.86		0.497
24		C		172.29		0.492
25		C		173.14		0.495
26		U		167.85		0.480
27		G		171.79		0.429
28		G		164.26		0.411
29		G		164.21		0.411
30		C		175.78		0.502
31		C		184.59		0.527
32		A		183.63		0.459
33		C		195.86		0.560
34		C		202.42		0.578
35		A		306.62		0.767
